parallel unshaded
ans =
    0.3000    1.6500
    0.4000    1.6000
    0.5000    1.6000
    0.6000    1.6500
    0.7000    1.6500
    0.8000    1.6500
    0.9000    1.7000
    1.0000    1.8000
parallel shaded
ans =
    0.3000    1.4500
    0.4000    1.5500
    0.5000    1.5500
    0.6000    1.6000
    0.7000    1.6500
    0.8000    1.9500
    0.9000    1.9500
    1.0000    1.7500
series unshaded
ans =
    0.3000    2.9000
    0.4000    3.9000
    0.5000    3.3000
    0.6000    3.3000
    0.7000    3.3000
    0.8000    3.1000
    0.9000    3.1000
    1.0000    3.1000
series shaded
ans =
    0.3000    1.5000
    0.4000    1.6000
    0.5000    1.6000
    0.6000    1.7000
    0.7000    1.7000
    0.8000    1.7000
    0.9000    1.7000
    1.0000    1.7000